146: 03 09 16 20 22 33+15
145: 03 05 11 15 26 33+11
144: 01 05 10 17 18 29+12
143: 05 09 11 17 23 28+10
142: 07 11 15 19 20 24+13
141: 02 13 21 28 29 31+09
140: 04 05 11 18 22 33+12
139: 01 05 15 17 27 29+02
138: 04 07 14 26 32 33+14
137: 08 12 14 15 17 21+01
136: 01 04 14 22 30 33+01
135: 01 03 14 19 30 33+16
134: 03 05 12 15 28 33+06
133: 05 09 13 18 20 32+01
132: 04 14 15 21 23 30+07
131: 16 23 25 26 32 33+05
130: 02 03 07 12 13 30+11
129: 06 07 16 17 24 25+07
128: 05 08 15 16 26 32+01
127: 02 11 12 14 15 16+04
126: 03 05 06 10 19 23+15
125: 06 07 08 22 26 27+12
124: 03 04 22 23 28 30+10
123: 09 13 20 22 25 28+14
122: 07 14 16 27 29 32+01
121: 02 04 06 10 25 30+09
120: 01 02 08 12 16 30+16
119: 06 07 10 12 15 21+05
118: 12 16 25 26 27 31+05
117: 05 09 15 21 26 31+13
116: 05 17 21 25 27 32+14
115: 02 09 13 15 19 24+03
114: 03 05 11 12 31 32+11
113: 04 12 20 25 28 29+16
112: 06 07 18 24 30 32+09
111: 02 04 07 14 15 25+15
110: 04 10 13 15 19 30+14
109: 05 06 07 14 25 28+01
108: 04 10 17 28 32 33+02
107: 07 08 20 23 28 29+05
106: 01 02 15 18 20 29+04
105: 02 08 10 16 27 30+15
104: 20 22 26 29 30 32+16
103: 06 11 17 20 23 24+09
102: 03 05 07 08 14 31+10
101: 01 02 05 10 19 24+14
100: 02 11 17 27 30 33+11
99: 08 09 18 20 25 29+09
98: 03 14 15 20 23 30+02
97: 07 13 24 26 28 32+14
96: 01 26 27 31 32 33+03
95: 08 09 14 28 31 33+15
94: 03 16 22 25 26 33+14
93: 01 11 20 31 32 33+01
92: 02 06 07 14 18 31+08
91: 03 08 11 14 25 29+04
90: 07 09 14 20 23 30+14
89: 02 03 07 11 19 32+04
88: 04 07 11 15 16 17+02
87: 06 11 13 20 28 32+06
86: 11 12 13 18 23 32+11
85: 04 08 12 17 20 30+03
84: 04 09 11 20 32 33+13
83: 02 08 12 18 24 28+04
82: 11 15 18 21 27 29+02
81: 04 05 06 25 29 30+03
80: 01 11 13 25 32 33+06
79: 02 09 16 21 30 31+13
78: 05 07 12 14 15 20+13
77: 01 09 14 16 28 32+16
76: 09 18 19 25 28 31+06
75: 01 13 15 17 20 30+05
74: 05 10 16 19 23 28+13
73: 09 16 17 18 22 27+14
72: 01 03 12 20 21 29+04
71: 04 05 23 26 31 32+06
70: 01 02 09 10 21 31+10
69: 03 05 12 18 21 23+02
68: 06 11 18 20 25 30+05
67: 04 10 16 23 28 30+05
66: 02 15 19 24 31 32+04
65: 08 12 20 22 30 33+02
64: 01 02 14 23 28 29+15
63: 02 05 11 26 30 32+16
62: 10 19 20 21 23 32+10
61: 10 11 13 16 19 30+03
60: 07 13 17 26 32 33+04
59: 03 07 13 23 27 30+11
58: 05 08 10 15 23 26+09
57: 05 07 10 14 17 25+11
56: 04 09 10 18 29 32+08
55: 03 04 18 22 24 29+11
54: 16 17 23 26 31 32+11
53: 07 12 18 19 22 28+04
52: 09 11 15 19 21 30+08
51: 06 10 13 16 21 23+07
50: 13 21 24 29 30 32+04
49: 09 12 14 20 30 31+06
48: 03 07 11 15 17 31+01
