2009146
	
2009-12-13
	
265,187,498
	
03 09 16 20 22 33+15
	
7
	
5,714,285
	
89
	
250,148
	
726
	
3000
	
41055
	
200
	
812380
	
10
	
7443664
	
5
	
6110
2009145
	
2009-12-10
	
	
03 05 11 15 26 33+11
	
	
	
	
	
	
3000
	
	
200
	
	
10
	
	
5
	
2009144
	
2009-12-08
	
234,614,110
	
01 05 10 17 18 29+12
	
6
	
6,000,000
	
87
	
233,539
	
774
	
3000
	
38665
	
200
	
729748
	
10
	
5976407
	
5
	
7634
2009143
	
2009-12-06
	
	
05 09 11 17 23 28+10
	
	
	
	
	
	
3000
	
	
200
	
	
10
	
	
5
	
2009142
	
2009-12-03
	
240,043,572
	
07 11 15 19 20 24+13
	
10
	
6,453,692
	
142
	
100,742
	
1790
	
3000
	
75108
	
200
	
1231416
	
10
	
7446191
	
5
	
11398
2009141
	
2009-12-01
	
237,668,962
	
02 13 21 28 29 31+09
	
15
	
5,601,525
	
77
	
78,367
	
2393
	
3000
	
99376
	
200
	
1393653
	
10
	
11070524
	
5
04 05 11 18 22 33+12

14014
2009139
	
2009-11-26
	
235,679,662
	
01 05 15 17 27 29+02
	
2
	
12,500,000
	
77
	
252,451
	
803
	
3000
	
39102
	
200
	
769881
	
10
	
6551813
	
5
	
17114
2009138
	
2009-11-24
	
229,193,984
	
04 07 14 26 32 33+14
	
7
	
7,125,713
	
46
	
322,173
	
1013
	
3000
	
42552
	
200
	
754274
	
10
	
8762586
	
5
	
14579
2009137
	
2009-11-22
	
250,971,196
	
08 12 14 15 17 21+01
	
2
	
12,500,000
	
42
	
660,489
	
390
	
3000
	
24348
	
200
	
585333
	
10
	
奖3722891
	
5
	
15609
2009136
	
2009-11-19
	
222,662,662
	
01 04 14 22 30 33+01
	
2
	
7,500,000
	
44
	
579,230
	
343
	
3000
	
19360
	
200
	
423984
	
10
	
3002014
	
5
	
11136
2009135
	
2009-11-17
	
218,222,340
	
01 03 14 19 30 33+16
	
9
	
5,555,555
	
129
	
150,384
	
550
	
3000
	
30,335
	
200
	
621,366
	
10
	
5,666,618
	
5
	
6189
2009134
	
2009-11-15
	
246,133,544
	
03 05 12 15 28 33+06
	
10
	
5,500,000
	
135,164
	
65
	
1,724
	
3000
	
71,686
	
200
	
1,166,300
	
10
	
12,029,524
	
5
	
6163
2009133
	
2009-11-12
	
219,891,024
	
05 09 13 18 20 32+01
	
5
	
6,000,000
	
200
	
102,387
	
728
	
3000
	
47,176
	
200
	
965,264
	
10
	
3,643,251
	
5
	
9113
2009132
	
2009-11-10
	
227,359,216
	
04 14 15 21 23 30+07
	
13
	
6,351,887
	
130
	
145,090
	
892
	
3000
	
48237
	
200
	
949374
	
10
	
5343229
	
5
	
6835
2009131
	
2009-11-08
	
265,379,234
	
16 23 25 26 32 33+05
	
2
	
7,500,000
	
44
	
532,882
	
651
	
3000
	
34,848
	
200
	
710,092
	
10
	
7,171,252
	
5
	
10191
2009130
	
2009-11-05
	
235,462,772
	
02 03 07 12 13 30+11
	
3
	
6,666,666
	
80
	
168,182
	
168,182
	
3000
	
60,435
	
200
	
1,011,131
	
10
	
8,905,733
	
5
	
5720
2009129
	
2009-11-03
	
231,824,092
	
06 07 16 17 24 25+07
	
20
	
5,250,000
	
169
	
6,000
	
2,754
	
3000
	
102,226
	
200
	
1,437,686
	
10
	
14,738,828
	
5
	
4081
2009128
	
2009-11-01
	
261,066,840
	
05 08 15 16 26 32+01
	
2
	
7,500,000
	
162
	
161,171
	
618
	
3000
	
39,092
	
200
	
786,815
	
10
	
4,669,944
	
5
	
11081
2009127
	
2009-10-29
	
243,177,980
	
02 11 12 14 15 16+04
	
6
	
14
	
158
	
98
	
1
	
3000
	
64
	
200
	
1
	
10
	
7
	
5
	
5988
2009126
	
2009-10-27
	
235,506,694
	
03 05 06 10 19 23+15
	
6
	
7,984,966
	
101
	
191,729
	
824
	
3000
	
43,004
	
200
	
844,671
	
10
	
6,265,951
	
5
	
10406
2009125
	
2009-10-25
	
262,970,658
	
06 07 08 22 26 27+12
	
8
	
6,416,421
	
93
	
102,118
	
1,754
	
3000
	
74,100
	
200
	
1,236,193
	
10
	
12,950,963
	
5
	
10178
2009124
	
2009-10-22
	
249,561,480
	
03 04 22 23 28 30+10
	
9
	
6,872,428
	
65
	
273,504
	
1,022
	
3000
	
51,397
	
200
	
952,064
	
10
	
8,031,956
	
5
	
12596
2009123
	
2009-10-20
	
237,742,194
	
09 13 20 22 25 28+14
	
3
	
9,629,280
	
83
	
160,623
	
1,421
	
3000
	
69,672
	
200
	
1,226,072
	
10
	
8,319,268
	
5
	
14133
2009122
	
2009-10-18
	
266,208,716
	
07 14 16 27 29 32+01
	
5
	
9,178,537
	
154
	
154,798
	
965
	
3000
	
56,035
	
200
	
1,101,082
	
10
	
5,173,202
	
5
	
13411
2009121
	
2009-10-15
	
239,496,416
	
02 04 06 10 25 30+09
	
8
	
6,755,661
	
72
	
188,443
	
1,173
	
3000
	
57,749
	
200
	
983,560
	
10
	
9,444,480
	
5
	
11937
2009120
	
2009-10-13
	
222,194,270
	
01 02 08 12 16 30+16
	
2
	
10,000,000
	
60
	
375,490
	
574
	
3000
	
33,809
	
200
	
759,885
	
10
	
3,538,878
	
5
	
13676
2009119
	
2009-10-11
	
232,178,172
	
06 07 10 12 15 21+05
	
1
	
5,000,000
	
55
	
383,355
	
752
	
3000
	
36,253
	
200
	
745,565
	
10
	
5,304,654
	
5
	
10419
2009118
	
2009-10-08
	
215,790,310
	
12 16 25 26 27 31+05
	
93
	
4,090,714
	
43
	
375,949
	
622
	
3000
	
33,028
	
200
	
662,628
	
10
	
7,350,659
	
5
	
3000
2009117
	
2009-10-06
	
202,883,414
	
05 09 15 21 26 31+13
	
8
	
6,172,798
	
147
	
95,738
	
1,109
	
3000
	
48,740
	
200
	
799,307
	
10
	
6,286,571
	
5
	
34271
2009116
	
2009-10-04
	
221,054,568
	
05 17 21 25 27 32+14
	
7
	
6,847,139
	
53
	
365,942
	
566
	
3000
	
32,853
	
200
	
706,198
	
10
	
5,667,255
	
5
	
35926
2009115
	
2009-10-01
	
	
02 09 13 15 19 24+03
	
	
	
	
	
	
3000
	
	
200
	
	
10
	
	
5
	
2009114
	
2009-09-29
	
222,577,144
	
03 05 11 12 31 32+11
	
9
	
5,957,982
	
182
	
71,059
	
1,550
	
3000
	
67,233
	
200
	
1,150,013
	
10
	
7,271,375
	
5
	
33335
2009113
	
2009-09-27
	
250,863,766
	
04 12 20 25 28 29+16
	
8
	
6,736,407
	
126
	
165,372
	
1,225
	
3000
	
57,756
	
200
	
1,043,283
	
10
	
5,561,580
	
5
	
35679
2009112
	
2009-09-24
	
227,610,064
	
06 07 18 24 30 32+09
	
6
	
6808630
	
5
	
295957
	
1083
	
3000
	
46018
	
200
	
831271
	
10
	
7300939
	
5
	
36206
2009111
	
2009-09-22
	
224,881,094
	
02 04 07 14 15 25+15
	
3
	
9,392,222
	
48
	
411,770
	
608
	
3000
	
30,757
	
200
	
605,801
	
10
	
6,054,997
	
5
	
36493
2009110
	
2009-09-20
	
245,158,100
	
04 10 13 15 19 30+14
	
2
	
10,000,000
	
105
	
206,890
	
754
	
3000
	
42,738
	
200
	
876,590
	
10
	
5,628,080
	
5
	
34699
2009109
	
2009-09-17
	
220,168,836
	
05 06 07 14 25 28+01
	
0
	
0
	
78
	
270,395
	
639
	
3000
	
35,323
	
200
	
730,334
	
10
	
4,258,966
	
5
	
31630
2009108
	
2009-09-15
	
215,736,244
	
04 10 17 28 32 33+02
	
5
	
6,951,813
	
78
	
187,674
	
1,047
	
3000
	
48,326
	
200
	
843,650
	
10
	
7,134,546
	
5
	
26709
2009107
	
2009-09-13
	
239,917,960
	
07 08 20 23 28 29+05
	
4
	
7,435,433
	
70
	
208,751
	
1,210
	
3000
	
58,706
	
200
	
1,055,170
	
10
	
8,585,648
	
5
	
26769
2009106
	
2009-09-10
	
218,443,162
	
01 02 15 18 20 29+04
	
4
	
7,902,193
	
48
	
362,774
	
654
	
3000
	
33,949
	
200
	
663,877
	
10
	
6,720,543
	
5
	
26334
2009105
	
2009-09-08
	
208,614,594
	
02 08 10 16 27 30+15
	
2
	
10,000,000
	
103
	
179,197
	
643
	
3000
	
36
	
200
	
699
	
10
	
4
	
5
	
25432
2009104
	
2009-09-06
	
233,718,766
	
20 22 26 29 30 32+16
	
5
	
7,881,551
	
39
	
554,144
	
530
	
3000
	
32,447
	
200
	
699,574
	
10
	
5,481,654
	
5
	
23125
2009103
	
2009-09-03
	
215,101,390
	
06 11 17 20 23 24+09
	
10
	
6,155,287
	
53
	
326,968
	
846
	
3000
	
41,334
	
200
	
810,586
	
10
	
5,744,926
	
5
	
22023
2009102
	
2009-09-01
	
211,207,990
	
03 05 07 08 14 31+10
	
7
	
6,413,323
	
63
	
235,553
	
816
	
3000
	
49,509
	
200
	
984,335
	
10
	
6,366,489
	
5
	
24135
2009101
	
2009-08-30
	
235,272,092
	
01 02 05 10 19 24+14
	
0
	
0
	
11
	
200,147
	
550
	
3000
	
37,508
	
200
	
833,787
	
10
	
4,614,406
	
5
	
25162
2009100
	
2009-08-27
	
213,445,814
	
02 11 17 27 30 33+11
	
7
	
6,103,224
	
75
	
154,451
	
1,431
	
3000
	
58,325
	
200
	
949,945
	
10
	
8,103,628
	
5
	
19931
2009099
	
2009-08-25
	
215,841,514
	
08 09 18 20 25 29+09
	
18
	
5,061,042
	
243
	
6,782
	
3,698
	
3000
	
116,423
	
200
	
1,559,449
	
10
	
10,059,087
	
5
	
21500
2009098
	
2009-08-23
	
234,823,318
	
03 14 15 20 23 30+02
	
11
	
5,963,743
	
265
	
60,006
	
1,963
	
3000
	
79,995
	
200
	
1,214,690
	
10
	
5,604,530
	
5
	
30226
2009097
	
2009-08-20
	
209,714,238
	
07 13 24 26 28 32+14
	
4
	
8,784,477
	
50
	
454,137
	
417
	
3000
	
25
	
200
	
588
	
10
	
2
	
5
	
33075
2009096
	
2009-08-18
	
209,639,476
	
01 26 27 31 32 33+03
	
2
	
10,000,000
	
93
	
220,923
	
287
	
3000
	
17,004
	
200
	
393,723
	
10
	
5,207,610
	
5
	
31291
2009095
	
2009-08-16
	
226,862,140
	
08 09 14 28 31 33+15
	
0
	
0
	
39
	
518,605
	
545
	
3000
	
30,520
	
200
	
643,276
	
10
	
5,914,392
	
5
	
28497
2009094
	
2009-08-13
	
207,069,924
	
03 16 22 25 26 33+14
	
3
	
9,982,212
	
90
	
249,110
	
475
	
3000
	
26,583
	
200
	
579,892
	
10
	
2,838,111
	
5
	
23778
2009093
	
2009-08-11
	
209,331,254
	
01 11 20 31 32 33+01
	
21
	
5,425,961
	
198
	
67,766
	
2,350
	
3000
	
76,179
	
200
	
1,034,079
	
10
	
5,043,949
	
5
	
21541
2009092
	
2009-08-09
	
233,413,914
	
02 06 07 14 18 31+08
	
6
	
6,638,823
	
66
	
223,475
	
940
	
3000
	
50,464
	
200
	
890,182
	
10
	
8,678,696
	
5
	
29805
2009091
	
2009-08-06
	
211,875,120
	
03 08 11 14 25 29+04
	
4
	
8,563,606
	
168
	
127,271
	
748
	
3000
	
36,495
	
200
	
702,749
	
10
	
3,195,236
	
5
	
30346
2009090
	
2009-08-04
	
206,728,590
	
07 09 14 20 23 30+14
	
3
	
8,498,567
	
137
	
114,916
	
1054
	
3000
	
58208
	
200
	
1045507
	
10
	
4711965
	
5
	
28783
2009089
	
2009-08-02
	
230,854,186
	
02 03 07 11 19 32+04
	
2
	
10,000,000
	
58
	
324,301
	
769
	
3000
	
36
	
200
	
717
	
10
	
6
	
5
	
27659
2009088
	
2009-07-30
	
204,688,536
	
04 07 11 15 16 17+02
	
0
	
0
	
78
	
239,246
	
490
	
3000
	
30,415
	
200
	
636,852
	
10
	
4,834,346
	
5
	
25270
2009087
	
2009-07-28
	
201,493,798
	
06 11 13 20 28 32+06
	
2
	
10,000,000
	
40
	
396,256
	
670
	
3000
	
33
	
200
	
611
	
10
	
6
	
5
	
20916
2009086
	
2009-07-26
	
222,559,596
	
11 12 13 18 23 32+11
	
3
	
8,701,558
	
47
	
354,404
	
860
	
3000
	
47,570
	
200
	
866,259
	
10
	
6,554,846
	
5
	
19217
2009085
	
2009-07-23
	
201,602,548
	
04 08 12 17 20 30+03
	
8
	
6,613,174
	
93
	
208,151
	
586
	
3000
	
32,100
	
200
	
621,696
	
10
	
3,972,664
	
5
	
17941
2009084
	
2009-07-21
	
198,945,272
	
04 09 11 20 32 33+13
	
2
	
10,000,000
	
53
	
369,239
	
443
	
3000
	
27,224
	
200
	
546,017
	
10
	
4,003,390
	
5
	
18715
2009083
	
2009-07-19
	
219,733,470
	
02 08 12 18 24 28+04
	
11
	
5,930,022
	
361
	
42,507
	
1
	
3000
	
70
	
200
	
1
	
10
	
5
	
5
	
16149
2009082
	
2009-07-16
	
200,877,058
	
11 15 18 21 27 29+02
	
2
	
10,000,000
	
52
	
325,220
	
533
	
3000
	
31,689
	
200
	
654,488
	
10
	
5,515,299
	
5
	
19091
2009081
	
2009-07-14
	
198,933,210
	
04 05 06 25 29 30+03
	
1
	
10,000,000
	
56
	
276,678
	
728
	
3000
	
39,564
	
200
	
779,707
	
10
	
5,587,361
	
5
	
17145
2009080
	
2009-07-12
	
220,533,638
	
01 11 13 25 32 33+06
	
4
	
8,152,908
	
48
	
394,113
	
584
	
3000
	
30,720
	
200
	
644,251
	
10
	
6,132,961
	
5
	
14530
2009079
	
2009-07-09
	
200,470,322
	
02 09 16 21 30 31+13
	
1
	
5,000,000
	
122
	
159,349
	
484
	
3000
	
33,419
	
200
	
645,593
	
10
	
3,767,322
	
5
	
13377
2009078
	
2009-07-07
	
196,218,272
	
05 07 12 14 15 20+13
	
2
	
5,000,000
	
88
	
203,218
	
552
	
3000
	
37,333
	
200
	
771,528
	
10
	
3,939,662
	
5
	
9341
2009077
	
2009-07-05
	
216,463,266
	
01 09 14 16 28 32+16
	
4
	
5,000,000
	
75
	
295,336
	
485
	
3000
	
26,100
	
200
	
541,578
	
10
	
4,028,441
	
5
	
6168
2009076
	
2009-07-02
	
202,715,574
	
09 18 19 25 28 31+06
	
29
	
4,834,333
	
98
	
164,828
	
930
	
3000
	
44
	
200
	
796
	
10
	
5
	
5
	
3000
2009075
	
2009-06-30
	
198,114,500
	
01 13 15 17 20 30+05
	
1
	
5,000,000
	
53
	
313,978
	
594
	
3000
	
35,167
	
200
	
739,312
	
10
	
5,079,621
	
5
	
10250
2009074
	
2009-06-28
	
223,339,000
	
05 10 16 19 23 28+13
	
28
	
5,157,893
	
296
	
22,403
	
2,798
	
3000
	
100,788
	
200
	
1,376,100
	
10
	
9,003,685
	
5
	
6867
2009073
	
2009-06-25
	
208,376,662
	
09 16 17 18 22 27+14
	
16
	
5,000,000
	
103
	
6,000
	
3,390
	
3000
	
113,630
	
200
	
1,445,695
	
10
	
11,036,713
	
5
	
16762
2009072
	
2009-06-23
	
211,601,456
	
01 03 12 20 21 29+04
	
7
	
6,825,455
	
40
	
479,182
	
567
	
3000
	
30
	
200
	
607
	
10
	
5
	
5
	
24762
2009071
	
2009-06-21
	
231,131,078
	
04 05 23 26 31 32+06
	
5
	
7,345,798
	
40
	
439,837
	
730
	
3000
	
37,461
	
200
	
773,242
	
10
	
7,438,927
	
5
	
25067
2009070
	
2009-06-18
	
219,945,468
	
01 02 09 10 21 31+10
	
4
	
8,232,130
	
42
	
461,732
	
614
	
3000
	
33,016
	
200
	
641,836
	
10
	
5,653,421
	
5
	
24635
2009069
	
2009-06-16
	
218,479,274
	
03 05 12 18 21 23+02
	
7
	
6,519,767
	
157
	
101,640
	
1,267
	
3000
	
64,656
	
200
	
1,134,537
	
10
	
5,157,082
	
5
	
23403
2009068
	
2009-06-14
	
241,709,362
	
06 11 18 20 25 30+05
	
10
	
6,237,692
	
213
	
87,161
	
1,501
	
3000
	
64,205
	
200
	
1,168,507
	
10
	
5,504,782
	
5
	
24243
2009067
	
2009-06-11
	
219,034,212
	
04 10 16 23 28 30+05
	
12
	
5,722,715
	
168
	
77,433
	
1,575
	
3000
	
66,102
	
200
	
1,038,819
	
10
	
7,126,051
	
5
	
26149
2009066
	
2009-06-09
	
218,893,000
	
02 15 19 24 31 32+04
	
9
	
6,610,693
	
34
	
639,539
	
520
	
3000
	
27,159
	
200
	
606,803
	
10
	
4,343,309
	
5
	
29981
2009065
	
2009-06-07
	
242,812,406
	
08 12 20 22 30 33+02
	
5
	
6,633,932
	
63
	
194,515
	
1,360
	
3000
	
65,001
	
200
	
1,112,380
	
10
	
9,985,153
	
5
	
30857
2009064
	
2009-06-04
	
226,247,318
	
01 02 14 23 28 29+15
	
4
	
8,216,973
	
66
	
292,452
	
899
	
3000
	
40,079
	
200
	
735,037
	
10
	
5,691,708
	
5
	
31314
2009063
	
2009-06-02
	
210,071,776
	
02 05 11 26 30 32+16
	
0
	
0
	
47
	
441,806
	
461
	
3000
	
27,359
	
200
	
600,135
	
10
	
4,172,530
	
5
	
30098
2009062
	
2009-05-31
	
239,346,092
	
10 19 20 21 23 32+10
	
7
	
6,545,986
	
120
	
135,273
	
963
	
3000
	
46,648
	
200
	
845,648
	
10
	
8,498,996
	
5
	
25252
2009061
	
2009-05-28
	
202,235,730
	
10 11 13 16 19 30+03
	
1
	
10,000,000
	
32
	
619,956
	
412
	
3000
	
25,055
	
200
	
555,210
	
10
	
4,233,534
	
5
	
26047
2009060
	
2009-05-26
	
214,031,372
	
07 13 17 26 32 33+04
	
2
	
10,000,000
	
40
	
481,222
	
695
	
3000
	
32
	
200
	
633
	
10
	
5
	
5
	
22418
2009059
	
2009-05-24
	
236,158,050
	
03 07 13 23 27 30+11
	
2
	
10,000,000
	
184
	
111,929
	
1,174
	
3000
	
58,471
	
200
	
1,045,921
	
10
	
4,278,423
	
5
	
19926
2009058
	
2009-05-21
	
211,477,696
	
05 08 10 15 23 26+09
	
13
	
5,536,087
	
150
	
69,691
	
1,732
	
3000
	
73,325
	
200
	
1,146,426
	
10
	
7,490,621
	
5
	
17121
2009057
	
2009-05-19
	
209,587,496
	
05 07 10 14 17 25+11
	
6
	
6,995,326
	
180
	
99,766
	
807
	
3000
	
54,004
	
200
	
1,033,304
	
10
	
3,856,650
	
5
	
21879
2009056
	
2009-05-17
	
232,354,314
	
04 09 10 18 29 32+08
	
5
	
7,371,213
	
66
	
269,456
	
946
	
3000
	
44,763
	
200
	
783,814
	
10
	
6,988,906
	
5
	
21886
2009055
	
2009-05-14
	
213,511,884
	
03 04 18 22 24 29+11
	
3
	
9,920,244
	
69
	
320,885
	
398
	
3000
	
27,205
	
200
	
607,941
	
10
	
3,620,549
	
5
	
21422
2009054
	
2009-05-12
	
212,918,588
	
16 17 23 26 31 32+11
	
6
	
6,301,530
	
73
	
160,462
	
1,355
	
3000
	
62,999
	
200
	
1,058,923
	
10
	
7,606,030
	
5
	
19232
2009053
	
2009-05-10
	
231,922,796
	
07 12 18 19 22 28+04
	
4
	
8,260,566
	
239
	
81,855
	
1,105
	
3000
	
62,905
	
200
	
1,149,801
	
10
	
4,207,368
	
5
	
20279
2009052
	
2009-05-07
	
215,699,408
	
09 11 15 19 21 30+08
	
9
	
6,107,335
	
66
	
226,500
	
1,125
	
3000
	
50,594
	
200
	
895,308
	
10
	
6,683,144
	
5
	
19019
2009051
	
2009-05-05
	
211,832,930
	
06 10 13 16 21 23+07
	
5
	
6,740,625
	
69
	
189,198
	
903
	
3000
	
44,616
	
200
	
800,660
	
10
	
8,128,739
	
5
	
21027
2009050
	
2009-05-02
	
223,078,776
	
13 21 24 29 30 32+04
	
3
	
9,117,209
	
35
	
529,355
	
521
	
3000
	
35,400
	
200
	
757,582
	
10
	
6,266,329
	
5
	
21351
2009049
	
2009-04-30
	
204,405,802
	
09 12 14 20 30 31+06
	
3
	
7,189,995
	
45
	
218,999
	
1
	
3000
	
50
	
200
	
894
	
10
	
9
	
5
	
19763
2009048
	
2009-04-28
	
210,372,082
	
03 07 11 15 17 31+01
	
4
	
8,812,747
	
85
	
269,135
	
510
	
3000
	
31,056
	
200
	
687,006
	
10
	
2,443,223
	
5
	
19621
2009047
	
2009-04-26
	
236,616,310
	
06 08 11 15 21 22+16
	
5
	
7,616,787
	
99
	
198,241
	
926
	
3000
	
48,280
	
200
	
922,890
	
10
	
5,771,882
	
5
	
17808
2009046
	
2009-04-23
	
212,241,096
	
16 20 21 26 29 30+09
	
3
	
6,958,577
	
37
	
238,205
	
922
	
3000
	
45,493
	
200
	
808,597
	
10
	
10,933,782
	
5
	
17037
2009045
	
2009-04-21
	
210,992,934
	
03 04 06 23 30 32+01
	
0
	
0
	
39
	
610,799
	
258
	
3000
	
19,815
	
200
	
532,992
	
10
	
2,783,132
	
5
	
17068
2009044
	
2009-04-19
	
229,851,250
	
11 14 16 18 26 30+01
	
2
	
5,000,000
	
50
	
451,122
	
623
	
3000
	
33
	
200
	
704
	
10
	
4
	
5
	
11510