09146  	
03
09
16
20
22
33
15
	265,187,498元 	7 	5,714,285元 	89 	250,148元 	726 	3,000元 	2009-12-13
09145 	
03
05
11
15
26
33
11
	238,886,876元 	12 	5,416,666元 	133 	89,619元 	1,970 	3,000元 	2009-12-10
09144 	
01
05
10
17
18
29
12
	234,614,110元 	5 	6,000,000元 	87 	233,539元 	774 	3,000元 	2009-12-08
09143 	
05
09
11
17
23
28
10
	266,083,890元 	22 	5,589,957元 	214 	55,928元 	2,706 	3,000元 	2009-12-06
09142 	
07
11
15
19
20
24
13
	240,043,572元 	10 	6,453,692元 	142 	100,742元 	1,790 	3,000元 	2009-12-03
09141 	
02
13
21
28
29
31
09
	237,668,962元 	15 	5,601,525元 	77 	78,367元 	2,393 	3,000元 	2009-12-01
09140 	
04
05
11
18
22
33
12
	257,453,092元 	1 	15,000,000元 	71 	265,203元 	995 	3,000元 	2009-11-29
09139 	
01
05
15
17
27
29
02
	235,679,662元 	2 	12,500,000元 	77 	252,451元 	803 	3,000元 	2009-11-26
09138 	
04
07
14
26
32
33
14
	229,193,984元 	7 	7,125,713元 	46 	322,173元 	1,013 	3,000元 	2009-11-24
09137 	
08
12
14
15
17
21
01
	250,971,196元 	2 	12,500,000元 	42 	660,489元 	390 	3,000元 	2009-11-22
09136 	
01
04
14
22
30
33
01
	222,662,662元 	2 	7,500,000元 	44 	579,230元 	343 	3,000元 	2009-11-19
09135 	
01
03
14
19
30
33
16
	218,222,340元 	9 	5,555,555元 	129 	150,384元 	550 	3,000元 	2009-11-17
09134 	
03
05
12
15
28
33
06
	246,133,544元 	10 	5,500,000元 	65 	135,164元 	1,724 	3,000元 	2009-11-15
09133 	
05
09
13
18
20
32
01
	219,891,024元 	5 	6,000,000元 	200 	102,387元 	728 	3,000元 	2009-11-12
09132 	
04
14
15
21
23
30
07
	227,359,216元 	13 	6,351,887元 	130 	145,090元 	892 	3,000元 	2009-11-10
09131 	
16
23
25
26
32
33
05
	265,379,234元 	2 	7,500,000元 	44 	532,882元 	651 	3,000元 	2009-11-08
09130 	
02
03
07
12
13
30
11
	235,462,772元 	3 	6,666,666元 	80 	168,182元 	1,267 	3,000元 	2009-11-05
09129 	
06
07
16
17
24
25
07
	231,824,092元 	20 	5,250,000元 	169 	6,000元 	2,754 	3,000元 	2009-11-03
09128 	
05
08
15
16
26
32
01
	261,066,840元 	2 	7,500,000元 	162 	161,171元 	618 	3,000元 	2009-11-01
09127 	
02
11
12
14
15
16
04
	243,177,980元 	14 	6,094,998元 	98 	158,112元 	1,399 	3,000元 	2009-10-29
09126 	
03
05
06
10
19
23
15
	235,506,694元 	6 	7,984,966元 	101 	191,729元 	824 	3,000元 	2009-10-27
09125 	
06
07
08
22
26
27
12
	262,970,658元 	8 	6,416,421元 	93 	102,118元 	1,754 	3,000元 	2009-10-25
09124 	
03
04
22
23
28
30
10
	249,561,480元 	9 	6,872,428元 	65 	273,504元 	1,022 	3,000元 	2009-10-22
09123 	
09
13
20
22
25
28
14
	237,742,194元 	3 	9,629,280元 	83 	160,623元 	1,421 	3,000元 	2009-10-20
09122 	
07
14
16
27
29
32
01
	266,208,716元 	5 	9,178,537元 	154 	154,798元 	965 	3,000元 	2009-10-18
09121 	
02
04
06
10
25
30
09
	239,496,416元 	8 	6,755,661元 	72 	188,443元 	1,173 	3,000元 	2009-10-15
09120 	
01
02
08
12
16
30
16
	222,194,270元 	2 	10,000,000元 	60 	375,490元 	574 	3,000元 	2009-10-13
09119 	
06
07
10
12
15
21
05
	232,178,172元 	1 	5,000,000元 	55 	383,355元 	752 	3,000元 	2009-10-11
09118 	
12
16
25
26
27
31
05
	215,790,310元 	93 	4,090,714元 	43 	375,949元 	622 	3,000元 	2009-10-08
09117 	
05
09
15
21
26
31
13
	202,883,414元 	8 	6,172,798元 	147 	95,738元 	1,109 	3,000元 	2009-10-06
09116 	
05
17
21
25
27
32
14
	221,054,568元 	7 	6,847,139元 	53 	365,942元 	566 	3,000元 	2009-10-04
09115 	
02
09
13
15
19
24
03
	198,302,256元 	1 	10,000,000元 	61 	271,087元 	744 	3,000元 	2009-10-01
09114 	
03
05
11
12
31
32
11
	222,577,144元 	9 	5,957,982元 	182 	71,059元 	1,550 	3,000元 	2009-09-29
09113 	
04
12
20
25
28
29
16
	250,863,766元 	8 	6,736,407元 	126 	165,372元 	1,225 	3,000元 	2009-09-27
09112 	
06
07
18
24
30
32
09
	227,610,064元 	6 	6,808,630元 	55 	295,957元 	1,083 	3,000元 	2009-09-24
09111 	
02
04
07
14
15
25
15
	224,881,094元 	3 	9,392,222元 	48 	411,770元 	608 	3,000元 	2009-09-22
09110 	
04
10
13
15
19
30
14
	245,158,100元 	2 	10,000,000元 	105 	206,890元 	754 	3,000元 	2009-09-20
09109 	
05
06
07
14
25
28
01
	220,168,836元 	0 	0元 	78 	270,395元 	639 	3,000元 	2009-09-17
09108 	
04
10
17
28
32
33
02
	215,736,244元 	5 	6,951,813元 	78 	187,674元 	1,047 	3,000元 	2009-09-15
09107 	
07
08
20
23
28
29
05
	239,917,960元 	4 	7,435,433元 	70 	208,751元 	1,210 	3,000元 	2009-09-13
09106 	
01
02
15
18
20
29
04
	218,443,162元 	4 	7,902,193元 	48 	362,774元 	654 	3,000元 	2009-09-10
09105 	
02
08
10
16
27
30
15
	208,614,594元 	2 	10,000,000元 	103 	179,197元 	643 	3,000元 	2009-09-08
09104 	
20
22
26
29
30
32
16
	233,718,766元 	5 	7,881,551元 	39 	554,144元 	530 	3,000元 	2009-09-06
09103 	
06
11
17
20
23
24
09
	215,101,390元 	10 	6,155,287元 	53 	326,968元 	846 	3,000元 	2009-09-03
09102 	
03
05
07
08
14
31
10
	211,207,990元 	7 	6,413,323元 	63 	235,553元 	816 	3,000元 	2009-09-01
09101 	
01
02
05
10
19
24
14
	235,272,092元 	0 	0元 	112 	200,147元 	550 	3,000元 	2009-08-30
09100 	
02
11
17
27
30
33
11
	213,445,814元 	7 	6,103,224元 	75 	154,451元 	1,431 	3,000元 	2009-08-27
09099 	
08
09
18
20
25
29
09
	215,841,514元 	18 	5,061,042元 	243 	6,782元 	3,698 	3,000元 	2009-08-25
09098 	
03
14
15
20
23
30
02
	234,823,318元 	11 	5,963,743元 	265 	60,006元 	1,963 	3,000元 	2009-08-23
09097 	
07
13
24
26
28
32
14
	209,714,238元 	4 	8,784,477元 	50 	454,137元 	417 	3,000元 	2009-08-20
09096 	
01
26
27
31
32
33
03
	209,639,476元 	2 	10,000,000元 	93 	220,923元 	287 	3,000元 	2009-08-18
09095 	
08
09
14
28
31
33
15
	226,862,140元 	0 	0元 	39 	518,605元 	545 	3,000元 	2009-08-16
09094 	
03
16
22
25
26
33
14
	207,069,924元 	3 	9,982,212元 	90 	249,110元 	475 	3,000元 	2009-08-13
09093 	
01
11
20
31
32
33
01
	209,331,254元 	21 	5,425,961元 	198 	67,766元 	2,350 	3,000元 	2009-08-11
09092 	
02
06
07
14
18
31
08
	233,413,914元 	6 	6,638,823元 	66 	223,475元 	940 	3,000元 	2009-08-09
09091 	
03
08
11
14
25
29
04
	211,875,120元 	4 	8,563,606元 	168 	127,271元 	748 	3,000元 	2009-08-06
09090 	
07
09
14
20
23
30
14
	206,728,590元 	3 	8,498,567元 	137 	114,916元 	1,054 	3,000元 	2009-08-04
09089 	
02
03
07
11
19
32
04
	230,854,186元 	2 	10,000,000元 	58 	324,301元 	769 	3,000元 	2009-08-02
09088 	
04
07
11
15
16
17
02
	204,688,536元 	0 	0元 	78 	239,246元 	490 	3,000元 	2009-07-30
09087 	
06
11
13
20
28
32
06
	201,493,798元 	2 	10,000,000元 	40 	396,256元 	670 	3,000元 	2009-07-28
09086 	
11
12
13
18
23
32
11
	222,559,596元 	3 	8,701,558元 	47 	354,404元 	860 	3,000元 	2009-07-26
09085 	
04
08
12
17
20
30
03
	201,602,548元 	8 	6,613,174元 	93 	208,151元 	586 	3,000元 	2009-07-23
09084 	
04
09
11
20
32
33
13
	198,945,272元 	2 	10,000,000元 	53 	369,239元 	443 	3,000元 	2009-07-21
09083 	
02
08
12
18
24
28
04
	219,733,470元 	11 	5,930,022元 	361 	42,507元 	1,348 	3,000元 	2009-07-19
09082 	
11
15
18
21
27
29
02
	200,877,058元 	2 	10,000,000元 	52 	325,220元 	533 	3,000元 	2009-07-16
09081 	
04
05
06
25
29
30
03
	198,933,210元 	1 	10,000,000元 	56 	276,678元 	728 	3,000元 	2009-07-14
09080 	
01
11
13
25
32
33
06
	220,533,638元 	4 	8,152,908元 	48 	394,113元 	584 	3,000元 	2009-07-12
09079 	
02
09
16
21
30
31
13
	200,470,322元 	1 	5,000,000元 	122 	159,349元 	484 	3,000元 	2009-07-09
09078 	
05
07
12
14
15
20
13
	196,218,272元 	2 	5,000,000元 	88 	203,218元 	552 	3,000元 	2009-07-07
09077 	
01
09
14
16
28
32
16
	216,463,266元 	4 	5,000,000元 	75 	295,336元 	485 	3,000元 	2009-07-05
09076 	
09
18
19
25
28
31
06
	202,715,574元 	29 	4,834,333元 	98 	164,828元 	930 	3,000元 	2009-07-02
09075 	
01
13
15
17
20
30
05
	198,114,500元 	1 	5,000,000元 	53 	313,978元 	594 	3,000元 	2009-06-30
09074 	
05
10
16
19
23
28
13
	223,339,000元 	28 	5,157,893元 	296 	22,403元 	2,798 	3,000元 	2009-06-28
09073 	
09
16
17
18
22
27
14
	208,376,662元 	16 	5,000,000元 	103 	6,000元 	3,390 	3,000元 	2009-06-25
09072 	
01
03
12
20
21
29
04
	211,601,456元 	7 	6,825,455元 	40 	479,182元 	567 	3,000元 	2009-06-23
09071 	
04
05
23
26
31
32
06
	231,131,078元 	5 	7,345,798元 	40 	439,837元 	730 	3,000元 	2009-06-21
09070 	
01
02
09
10
21
31
10
	219,945,468元 	4 	8,232,130元 	42 	461,732元 	614 	3,000元 	2009-06-18
09069 	
03
05
12
18
21
23
02
	218,479,274元 	7 	6,519,767元 	157 	101,640元 	1,267 	3,000元 	2009-06-16
09068 	
06
11
18
20
25
30
05
	241,709,362元 	10 	6,237,692元 	213 	87,161元 	1,501 	3,000元 	2009-06-14
09067 	
04
10
16
23
28
30
05
	219,034,212元 	12 	5,722,715元 	168 	77,433元 	1,575 	3,000元 	2009-06-11
09066 	
02
15
19
24
31
32
04
	218,893,000元 	9 	6,610,693元 	34 	639,539元 	520 	3,000元 	2009-06-09
09065 	
08
12
20
22
30
33
02
	242,812,406元 	5 	6,633,932元 	63 	194,515元 	1,360 	3,000元 	2009-06-07
09064 	
01
02
14
23
28
29
15
	226,247,318元 	4 	8,216,973元 	66 	292,452元 	899 	3,000元 	2009-06-04
09063 	
02
05
11
26
30
32
16
	210,071,776元 	0 	0元 	47 	441,806元 	461 	3,000元 	2009-06-02
09062 	
10
19
20
21
23
32
10
	239,346,092元 	7 	6,545,986元 	120 	135,273元 	963 	3,000元 	2009-05-31
09061 	
10
11
13
16
19
30
03
	202,235,730元 	1 	10,000,000元 	32 	619,956元 	412 	3,000元 	2009-05-28
09060 	
07
13
17
26
32
33
04
	214,031,372元 	2 	10,000,000元 	40 	481,222元 	695 	3,000元 	2009-05-26
09059 	
03
07
13
23
27
30
11
	236,158,050元 	2 	10,000,000元 	184 	111,929元 	1,174 	3,000元 	2009-05-24
09058 	
05
08
10
15
23
26
09
	211,477,696元 	13 	5,536,087元 	150 	69,691元 	1,732 	3,000元 	2009-05-21
09057 	
05
07
10
14
17
25
11
	209,587,496元 	6 	6,995,326元 	180 	99,766元 	807 	3,000元 	2009-05-19
09056 	
04
09
10
18
29
32
08
	232,354,314元 	5 	7,371,213元 	66 	269,456元 	946 	3,000元 	2009-05-17
09055 	
03
04
18
22
24
29
11
	213,511,884元 	3 	9,920,244元 	69 	320,885元 	398 	3,000元 	2009-05-14
09054 	
16
17
23
26
31
32
11
	212,918,588元 	6 	6,301,530元 	73 	160,462元 	1,355 	3,000元 	2009-05-12
09053 	
07
12
18
19
22
28
04
	231,922,796元 	4 	8,260,566元 	239 	81,855元 	1,105 	3,000元 	2009-05-10
09052 	
09
11
15
19
21
30
08
	215,699,408元 	9 	6,107,335元 	66 	226,500元 	1,125 	3,000元 	2009-05-07
09051 	
06
10
13
16
21
23
07
	211,832,930元 	5 	6,740,625元 	69 	189,198元 	903 	3,000元 	2009-05-05
09050 	
13
21
24
29
30
32
04
	223,078,776元 	3 	9,117,209元 	35 	529,355元 	521 	3,000元 	2009-05-03
09049 	
09
12
14
20
30
31
06
	204,405,802元 	3 	7,189,995元 	45 	218,999元 	1,044 	3,000元 	2009-04-30
09048 	
03
07
11
15
17
31
01
	210,372,082元 	4 	8,812,747元 	85 	269,135元 	510 	3,000元 	2009-04-28
09047 	
06
08
11
15
21
22
16
	236,616,310元 	5 	7,616,787元 	99 	198,241元 	926 	3,000元 	2009-04-26 